[Configuration]
game_sample_count: 1000
prob_sample_count: 10000

[Each consumption]
board 0 / target 0: [0.0, 0.0, 0.0, 0.0, 0.0, 0.0, 0.237, 0.2, 0.153, 0.096, 0.12, 0.105, 0.055, 0.028, 0.006, 0.0, 0.0, 0.0, 0.0, 0.0, 0.0, 0.0, 0.0, 0.0, 0.0, 0.0, 0.0, 0.0, 0.0, 0.0, 0.0, 0.0, 0.0, 0.0, 0.0, 0.0, 0.0, 0.0, 0.0, 0.0, 0.0, 0.0, 0.0, 0.0, 0.0, 0.0]
50%: 8
90%: 11
99%: 13

board 0 / target 1: [0.0, 0.0, 0.0, 0.0, 0.0, 0.0, 0.0, 0.0, 0.0, 0.0, 0.0, 0.0, 0.0, 0.0, 0.0, 0.005, 0.026, 0.049, 0.081, 0.103, 0.131, 0.142, 0.152, 0.155, 0.107, 0.037, 0.011, 0.001, 0.0, 0.0, 0.0, 0.0, 0.0, 0.0, 0.0, 0.0, 0.0, 0.0, 0.0, 0.0, 0.0, 0.0, 0.0, 0.0, 0.0, 0.0]
50%: 21
90%: 24
99%: 26

board 0 / target 2: [0.0, 0.0, 0.0, 0.0, 0.0, 0.0, 0.0, 0.0, 0.0, 0.0, 0.0, 0.0, 0.0, 0.0, 0.0, 0.0, 0.0, 0.0, 0.0, 0.0, 0.0, 0.0, 0.0, 0.0, 0.0, 0.001, 0.006, 0.015, 0.03, 0.055, 0.095, 0.149, 0.157, 0.167, 0.16, 0.102, 0.053, 0.01, 0.0, 0.0, 0.0, 0.0, 0.0, 0.0, 0.0, 0.0]
50%: 32
90%: 35
99%: 36

board 1 / target 0: [0.0, 0.0, 0.0, 0.0, 0.0, 0.0, 0.0, 0.0, 0.268, 0.269, 0.253, 0.208, 0.002, 0.0, 0.0, 0.0, 0.0, 0.0, 0.0, 0.0, 0.0, 0.0, 0.0, 0.0, 0.0, 0.0, 0.0, 0.0, 0.0, 0.0, 0.0, 0.0, 0.0, 0.0, 0.0, 0.0, 0.0, 0.0, 0.0, 0.0, 0.0, 0.0, 0.0, 0.0, 0.0, 0.0]
50%: 9
90%: 11
99%: 11

board 1 / target 1: [0.0, 0.0, 0.0, 0.0, 0.0, 0.0, 0.0, 0.0, 0.0, 0.0, 0.0, 0.0, 0.0, 0.0, 0.0, 0.0, 0.066, 0.206, 0.277, 0.274, 0.172, 0.005, 0.0, 0.0, 0.0, 0.0, 0.0, 0.0, 0.0, 0.0, 0.0, 0.0, 0.0, 0.0, 0.0, 0.0, 0.0, 0.0, 0.0, 0.0, 0.0, 0.0, 0.0, 0.0, 0.0, 0.0]
50%: 18
90%: 20
99%: 20

board 1 / target 2: [0.0, 0.0, 0.0, 0.0, 0.0, 0.0, 0.0, 0.0, 0.0, 0.0, 0.0, 0.0, 0.0, 0.0, 0.0, 0.0, 0.0, 0.0, 0.0, 0.0, 0.0, 0.0, 0.0, 0.0, 0.0, 0.019, 0.081, 0.126, 0.209, 0.212, 0.205, 0.11, 0.035, 0.003, 0.0, 0.0, 0.0, 0.0, 0.0, 0.0, 0.0, 0.0, 0.0, 0.0, 0.0, 0.0]
50%: 29
90%: 31
99%: 32

board 2 / target 0: [0.0, 0.0, 0.0, 0.0, 0.0, 0.0, 0.0, 0.0, 0.0, 0.454, 0.455, 0.091, 0.0, 0.0, 0.0, 0.0, 0.0, 0.0, 0.0, 0.0, 0.0, 0.0, 0.0, 0.0, 0.0, 0.0, 0.0, 0.0, 0.0, 0.0, 0.0, 0.0, 0.0, 0.0, 0.0, 0.0, 0.0, 0.0, 0.0, 0.0, 0.0, 0.0, 0.0, 0.0, 0.0, 0.0]
50%: 10
90%: 10
99%: 11

board 2 / target 1: [0.0, 0.0, 0.0, 0.0, 0.0, 0.0, 0.0, 0.0, 0.0, 0.0, 0.0, 0.0, 0.0, 0.0, 0.0, 0.0, 0.0, 0.057, 0.122, 0.148, 0.188, 0.189, 0.163, 0.11, 0.021, 0.002, 0.0, 0.0, 0.0, 0.0, 0.0, 0.0, 0.0, 0.0, 0.0, 0.0, 0.0, 0.0, 0.0, 0.0, 0.0, 0.0, 0.0, 0.0, 0.0, 0.0]
50%: 20
90%: 23
99%: 24

board 2 / target 2: [0.0, 0.0, 0.0, 0.0, 0.0, 0.0, 0.0, 0.0, 0.0, 0.0, 0.0, 0.0, 0.0, 0.0, 0.0, 0.0, 0.0, 0.0, 0.0, 0.0, 0.0, 0.0, 0.0, 0.0, 0.0, 0.003, 0.01, 0.034, 0.055, 0.074, 0.095, 0.126, 0.165, 0.186, 0.138, 0.091, 0.021, 0.002, 0.0, 0.0, 0.0, 0.0, 0.0, 0.0, 0.0, 0.0]
50%: 32
90%: 35
99%: 36


[Total consumption]
start 0 / target 0: [0.0, 0.0, 0.0, 0.0, 0.0, 0.0, 0.0, 0.0, 0.0, 0.0, 0.0, 0.0, 0.0, 0.0, 0.0, 0.0, 0.0, 0.0, 0.0, 0.0, 0.0, 0.0, 0.0, 0.0, 0.0, 0.0, 0.0, 0.0, 0.0, 0.0, 0.0, 0.0, 0.0, 0.0, 0.0, 0.0, 0.0, 0.0, 0.0, 0.0, 0.0, 0.0, 0.0, 0.0, 0.0, 0.0, 0.0008315301214776962, 0.005570945549707873, 0.019789243625422805, 0.05010727322543643, 0.1014574431133927, 0.1747733297359239, 0.26680969644884284, 0.37161684230319414, 0.48216226076821667, 0.5912306598763981, 0.6920723145115883, 0.7793130715317143, 0.849869547128699, 0.9033102252343387, 0.9413341051969025, 0.9667518537668343, 0.9826148469295289, 0.9917392830402112, 0.9964950897352087, 0.9986985255373503, 0.9995869582563263, 0.9998913858823204, 0.99997739903527, 0.9999965363848344, 0.999999651802125, 0.9999999815322035, 0.9999999997277205, 0.9999999999988073, 0.9999999999999998, 0.9999999999999998, 0.9999999999999998, 0.9999999999999998, 0.9999999999999998, 0.9999999999999998, 0.9999999999999998, 0.9999999999999998, 0.9999999999999998, 0.9999999999999998, 0.9999999999999998, 0.9999999999999998, 0.9999999999999998, 0.9999999999999998, 0.9999999999999998, 0.9999999999999998, 0.9999999999999998, 0.9999999999999998, 0.9999999999999998, 0.9999999999999998, 0.9999999999999998, 0.9999999999999998, 0.9999999999999998, 0.9999999999999998, 0.9999999999999998, 0.9999999999999998, 0.9999999999999998, 0.9999999999999998, 0.9999999999999998, 0.9999999999999998, 0.9999999999999998, 0.9999999999999998, 0.9999999999999998, 0.9999999999999998, 0.9999999999999998, 0.9999999999999998, 0.9999999999999998, 0.9999999999999998, 0.9999999999999998, 0.9999999999999998, 0.9999999999999998, 0.9999999999999998, 0.9999999999999998, 0.9999999999999998, 0.9999999999999998, 0.9999999999999998, 0.9999999999999998, 0.9999999999999998, 0.9999999999999998, 0.9999999999999998, 0.9999999999999998, 0.9999999999999998, 0.9999999999999998, 0.9999999999999998, 0.9999999999999998, 0.9999999999999998, 0.9999999999999998, 0.9999999999999998, 0.9999999999999998, 0.9999999999999998, 0.9999999999999998, 0.9999999999999998, 0.9999999999999998, 0.9999999999999998, 0.9999999999999998, 0.9999999999999998, 0.9999999999999998, 0.9999999999999998, 0.9999999999999998, 0.9999999999999998, 0.9999999999999998, 0.9999999999999998, 0.9999999999999998, 0.9999999999999998, 0.9999999999999998, 0.9999999999999998, 0.9999999999999998, 0.9999999999999998, 0.9999999999999998, 0.9999999999999998, 0.9999999999999998, 0.9999999999999998, 0.9999999999999998, 0.9999999999999998, 0.9999999999999998, 0.9999999999999998, 0.9999999999999998, 0.9999999999999998, 0.9999999999999998, 0.9999999999999998, 0.9999999999999998, 0.9999999999999998, 0.9999999999999998, 0.9999999999999998, 0.9999999999999998, 0.9999999999999998, 0.9999999999999998, 0.9999999999999998, 0.9999999999999998, 0.9999999999999998, 0.9999999999999998, 0.9999999999999998, 0.9999999999999998, 0.9999999999999998, 0.9999999999999998, 0.9999999999999998, 0.9999999999999998, 0.9999999999999998, 0.9999999999999998, 0.9999999999999998, 0.9999999999999998, 0.9999999999999998, 0.9999999999999998, 0.9999999999999998, 0.9999999999999998, 0.9999999999999998, 0.9999999999999998, 0.9999999999999998, 0.9999999999999998, 0.9999999999999998, 0.9999999999999998, 0.9999999999999998, 0.9999999999999998, 0.9999999999999998, 0.9999999999999998, 0.9999999999999998, 0.9999999999999998, 0.9999999999999998, 0.9999999999999998, 0.9999999999999998, 0.9999999999999998, 0.9999999999999998, 0.9999999999999998, 0.9999999999999998, 0.9999999999999998, 0.9999999999999998, 0.9999999999999998, 0.9999999999999998, 0.9999999999999998, 0.9999999999999998, 0.9999999999999998, 0.9999999999999998, 0.9999999999999998, 0.9999999999999998, 0.9999999999999998, 0.9999999999999998, 0.9999999999999998, 0.9999999999999998, 0.9999999999999998, 0.9999999999999998, 0.9999999999999998, 0.9999999999999998, 0.9999999999999998, 0.9999999999999998, 0.9999999999999998, 0.9999999999999998, 0.9999999999999998, 0.9999999999999998, 0.9999999999999998, 0.9999999999999998, 0.9999999999999998, 0.9999999999999998, 0.9999999999999998, 0.9999999999999998, 0.9999999999999998, 0.9999999999999998, 0.9999999999999998, 0.9999999999999998, 0.9999999999999998, 0.9999999999999998, 0.9999999999999998, 0.9999999999999998, 0.9999999999999998, 0.9999999999999998, 0.9999999999999998, 0.9999999999999998, 0.9999999999999998, 0.9999999999999998, 0.9999999999999998, 0.9999999999999998, 0.9999999999999998, 0.9999999999999998, 0.9999999999999998, 0.9999999999999998, 0.9999999999999998, 0.9999999999999998, 0.9999999999999998, 0.9999999999999998, 0.9999999999999998, 0.9999999999999998, 0.9999999999999998, 0.9999999999999998, 0.9999999999999998, 0.9999999999999998, 0.9999999999999998, 0.9999999999999998, 0.9999999999999998]
50%: 55
90%: 59
99%: 63

start 0 / target 1: [0.0, 0.0, 0.0, 0.0, 0.0, 0.0, 0.0, 0.0, 0.0, 0.0, 0.0, 0.0, 0.0, 0.0, 0.0, 0.0, 0.0, 0.0, 0.0, 0.0, 0.0, 0.0, 0.0, 0.0, 0.0, 0.0, 0.0, 0.0, 0.0, 0.0, 0.0, 0.0, 0.0, 0.0, 0.0, 0.0, 0.0, 0.0, 0.0, 0.0, 0.0, 0.0, 0.0, 0.0, 0.0, 0.0, 0.0, 0.0, 0.0, 0.0, 0.0, 0.0, 0.0, 0.0, 0.0, 0.0, 0.0, 0.0, 0.0, 0.0, 0.0, 0.0, 0.0, 0.0, 0.0, 0.0, 0.0, 0.0, 0.0, 0.0, 0.0, 0.0, 0.0, 0.0, 0.0, 0.0, 0.0, 0.0, 0.0, 0.0, 0.0, 0.0, 0.0, 0.0, 0.0, 0.0, 0.0, 0.0, 0.0, 0.0, 0.0, 0.0, 0.0, 0.0, 0.0, 0.0, 3.538161000000001e-10, 7.756754940000002e-9, 8.231021420400002e-8, 5.72045758872e-7, 2.965235346229e-6, 1.2337996477373002e-5, 4.318755364388301e-5, 0.000131334131050687, 0.000355130594531416, 0.000868857652030906, 0.0019493239151397663, 0.00405296626487257, 0.007875251814274032, 0.014397787164752731, 0.024903056180851216, 0.04093471914160725, 0.06418555941892774, 0.09630692657669648, 0.13865210099594233, 0.19198783944266817, 0.25622756064547403, 0.33024938428570416, 0.411856827502682, 0.4979172908749652, 0.5846767588387898, 0.6682069178170698, 0.7449050275345348, 0.8119484743117975, 0.8676118609245895, 0.911385120807595, 0.9438789822927162, 0.9665555789300329, 0.9813612448648493, 0.9903532018389425, 0.995399093204671, 0.9979952356435647, 0.9992093685072189, 0.999720619863176, 0.9999124997470163, 0.999975999744933, 0.9999943128543468, 0.999998854232887, 0.999999807570086, 0.9999999737012334, 0.9999999971622823, 0.9999999997676609, 0.9999999999863641, 0.9999999999994761, 0.9999999999999889, 1.0, 1.0, 1.0, 1.0, 1.0, 1.0, 1.0, 1.0, 1.0, 1.0, 1.0, 1.0, 1.0, 1.0, 1.0, 1.0, 1.0, 1.0, 1.0, 1.0, 1.0, 1.0, 1.0, 1.0, 1.0, 1.0, 1.0, 1.0, 1.0, 1.0, 1.0, 1.0, 1.0, 1.0, 1.0, 1.0, 1.0, 1.0, 1.0, 1.0, 1.0, 1.0, 1.0, 1.0, 1.0, 1.0, 1.0, 1.0, 1.0, 1.0, 1.0, 1.0, 1.0, 1.0, 1.0, 1.0, 1.0, 1.0, 1.0, 1.0, 1.0, 1.0, 1.0, 1.0, 1.0, 1.0, 1.0, 1.0, 1.0, 1.0, 1.0, 1.0, 1.0, 1.0, 1.0, 1.0, 1.0, 1.0, 1.0, 1.0, 1.0, 1.0, 1.0, 1.0, 1.0, 1.0, 1.0, 1.0, 1.0, 1.0, 1.0, 1.0, 1.0, 1.0, 1.0, 1.0, 1.0, 1.0, 1.0, 1.0, 1.0, 1.0, 1.0, 1.0, 1.0, 1.0, 1.0, 1.0, 1.0, 1.0, 1.0, 1.0, 1.0, 1.0, 1.0, 1.0, 1.0, 1.0, 1.0, 1.0, 1.0, 1.0, 1.0, 1.0, 1.0, 1.0]
50%: 120
90%: 125
99%: 129

start 0 / target 2: [0.0, 0.0, 0.0, 0.0, 0.0, 0.0, 0.0, 0.0, 0.0, 0.0, 0.0, 0.0, 0.0, 0.0, 0.0, 0.0, 0.0, 0.0, 0.0, 0.0, 0.0, 0.0, 0.0, 0.0, 0.0, 0.0, 0.0, 0.0, 0.0, 0.0, 0.0, 0.0, 0.0, 0.0, 0.0, 0.0, 0.0, 0.0, 0.0, 0.0, 0.0, 0.0, 0.0, 0.0, 0.0, 0.0, 0.0, 0.0, 0.0, 0.0, 0.0, 0.0, 0.0, 0.0, 0.0, 0.0, 0.0, 0.0, 0.0, 0.0, 0.0, 0.0, 0.0, 0.0, 0.0, 0.0, 0.0, 0.0, 0.0, 0.0, 0.0, 0.0, 0.0, 0.0, 0.0, 0.0, 0.0, 0.0, 0.0, 0.0, 0.0, 0.0, 0.0, 0.0, 0.0, 0.0, 0.0, 0.0, 0.0, 0.0, 0.0, 0.0, 0.0, 0.0, 0.0, 0.0, 0.0, 0.0, 0.0, 0.0, 0.0, 0.0, 0.0, 0.0, 0.0, 0.0, 0.0, 0.0, 0.0, 0.0, 0.0, 0.0, 0.0, 0.0, 0.0, 0.0, 0.0, 0.0, 0.0, 0.0, 0.0, 0.0, 0.0, 0.0, 0.0, 0.0, 0.0, 0.0, 0.0, 0.0, 0.0, 0.0, 0.0, 0.0, 0.0, 0.0, 0.0, 0.0, 0.0, 0.0, 0.0, 0.0, 0.0, 0.0, 0.0, 0.0, 0.0, 0.0, 0.0, 0.0, 3.2490000000000005e-15, 9.159900000000002e-14, 1.2949420000000003e-12, 1.2327822000000002e-11, 8.919834900000002e-11, 5.238344830000001e-10, 2.6024380620000003e-9, 1.1256336872e-8, 4.3297595692e-8, 1.5054662854e-7, 4.7929721932e-7, 1.411640269522e-6, 3.878084125833e-6, 1.0004512786645e-5, 2.4369402613819003e-5, 5.630399648474101e-5, 0.000123860637704574, 0.00026027172443419, 0.000523859987290696, 0.001012339028143734, 0.001882129945249651, 0.003372577560383927, 0.005833681405116618, 0.009754167912149381, 0.015784601201236474, 0.024748164579905245, 0.037630372151446434, 0.05553906672990557, 0.07962836502519899, 0.11098515462698376, 0.15048416710900894, 0.1986265523996511, 0.25538544072453484, 0.3200877830672, 0.3913623698225843, 0.4671776455721463, 0.544979541257077, 0.6219208283202249, 0.6951532359259496, 0.7621368410781005, 0.8209131662543698, 0.8702924173714581, 0.9099216866794128, 0.9402262477146385, 0.9622436195175457, 0.9773921113017293, 0.9872257371340201, 0.9932233430101423, 0.9966438839515898, 0.998458191559366, 0.9993476803974266, 0.9997479096219295, 0.9999118491693603, 0.9999724098871321, 0.9999923675511712, 0.9999981610703743, 0.9999996207440413, 0.9999999344153992, 0.9999999907262357, 0.9999999989614702, 0.9999999999118283, 0.9999999999946898, 0.9999999999997986, 0.9999999999999963, 0.9999999999999999, 0.9999999999999999, 0.9999999999999999, 0.9999999999999999, 0.9999999999999999, 0.9999999999999999, 0.9999999999999999, 0.9999999999999999, 0.9999999999999999, 0.9999999999999999, 0.9999999999999999, 0.9999999999999999, 0.9999999999999999, 0.9999999999999999, 0.9999999999999999, 0.9999999999999999, 0.9999999999999999, 0.9999999999999999, 0.9999999999999999, 0.9999999999999999, 0.9999999999999999, 0.9999999999999999, 0.9999999999999999, 0.9999999999999999, 0.9999999999999999, 0.9999999999999999, 0.9999999999999999, 0.9999999999999999, 0.9999999999999999, 0.9999999999999999, 0.9999999999999999, 0.9999999999999999, 0.9999999999999999, 0.9999999999999999, 0.9999999999999999, 0.9999999999999999, 0.9999999999999999, 0.9999999999999999, 0.9999999999999999, 0.9999999999999999, 0.9999999999999999, 0.9999999999999999, 0.9999999999999999, 0.9999999999999999, 0.9999999999999999, 0.9999999999999999, 0.9999999999999999, 0.9999999999999999, 0.9999999999999999, 0.9999999999999999, 0.9999999999999999, 0.9999999999999999, 0.9999999999999999, 0.9999999999999999, 0.9999999999999999, 0.9999999999999999, 0.9999999999999999]
50%: 186
90%: 192
99%: 197

start 1 / target 0: [0.0, 0.0, 0.0, 0.0, 0.0, 0.0, 0.0, 0.0, 0.0, 0.0, 0.0, 0.0, 0.0, 0.0, 0.0, 0.0, 0.0, 0.0, 0.0, 0.0, 0.0, 0.0, 0.0, 0.0, 0.0, 0.0, 0.0, 0.0, 0.0, 0.0, 0.0, 0.0, 0.0, 0.0, 0.0, 0.0, 0.0, 0.0, 0.0, 0.0, 0.0035085659134080007, 0.020545284249056002, 0.06389610207114002, 0.14281772993002403, 0.256221174316393, 0.39118195301150904, 0.5301401092106561, 0.6585033760657482, 0.7676948262774071, 0.8541554102295121, 0.9173090469771081, 0.9587998218458461, 0.9824810878185661, 0.9938424471398991, 0.9982939750791862, 0.9996562379710021, 0.9999557652443442, 0.9999971313003482, 0.9999999555475921, 0.9999999998012561, 1.0, 1.0, 1.0, 1.0, 1.0, 1.0, 1.0, 1.0, 1.0, 1.0, 1.0, 1.0, 1.0, 1.0, 1.0, 1.0, 1.0, 1.0, 1.0, 1.0, 1.0, 1.0, 1.0, 1.0, 1.0, 1.0, 1.0, 1.0, 1.0, 1.0, 1.0, 1.0, 1.0, 1.0, 1.0, 1.0, 1.0, 1.0, 1.0, 1.0, 1.0, 1.0, 1.0, 1.0, 1.0, 1.0, 1.0, 1.0, 1.0, 1.0, 1.0, 1.0, 1.0, 1.0, 1.0, 1.0, 1.0, 1.0, 1.0, 1.0, 1.0, 1.0, 1.0, 1.0, 1.0, 1.0, 1.0, 1.0, 1.0, 1.0, 1.0, 1.0, 1.0, 1.0, 1.0, 1.0, 1.0, 1.0, 1.0, 1.0, 1.0, 1.0, 1.0, 1.0, 1.0, 1.0, 1.0, 1.0, 1.0, 1.0, 1.0, 1.0, 1.0, 1.0, 1.0, 1.0, 1.0, 1.0, 1.0, 1.0, 1.0, 1.0, 1.0, 1.0, 1.0, 1.0, 1.0, 1.0, 1.0, 1.0, 1.0, 1.0, 1.0, 1.0, 1.0, 1.0, 1.0, 1.0, 1.0, 1.0, 1.0, 1.0, 1.0, 1.0, 1.0, 1.0, 1.0, 1.0, 1.0, 1.0, 1.0, 1.0, 1.0, 1.0, 1.0, 1.0, 1.0, 1.0, 1.0, 1.0, 1.0, 1.0, 1.0, 1.0, 1.0, 1.0, 1.0, 1.0, 1.0, 1.0, 1.0, 1.0, 1.0, 1.0, 1.0, 1.0, 1.0, 1.0, 1.0, 1.0, 1.0, 1.0, 1.0, 1.0, 1.0, 1.0]
50%: 46
90%: 50
99%: 53

start 1 / target 1: [0.0, 0.0, 0.0, 0.0, 0.0, 0.0, 0.0, 0.0, 0.0, 0.0, 0.0, 0.0, 0.0, 0.0, 0.0, 0.0, 0.0, 0.0, 0.0, 0.0, 0.0, 0.0, 0.0, 0.0, 0.0, 0.0, 0.0, 0.0, 0.0, 0.0, 0.0, 0.0, 0.0, 0.0, 0.0, 0.0, 0.0, 0.0, 0.0, 0.0, 0.0, 0.0, 0.0, 0.0, 0.0, 0.0, 0.0, 0.0, 0.0, 0.0, 0.0, 0.0, 0.0, 0.0, 0.0, 0.0, 0.0, 0.0, 0.0, 0.0, 0.0, 0.0, 0.0, 0.0, 0.0, 0.0, 0.0, 0.0, 0.0, 0.0, 0.0, 0.0, 0.0, 0.0, 0.0, 0.0, 0.0, 0.0, 0.0, 0.0, 0.0, 7.076322e-8, 1.1833822440000001e-6, 9.614975616000002e-6, 5.1667768416000004e-5, 0.00020951939776100002, 0.0006897600210710001, 0.0019293678848800004, 0.004728223110411001, 0.010376412205064002, 0.020725517003151003, 0.038144386304490005, 0.06530871688280801, 0.10480582435308701, 0.15859068578225702, 0.22739308089413302, 0.31022774005505804, 0.40417222992391305, 0.5045346677627691, 0.6054433918524971, 0.700767013368027, 0.7851547558816621, 0.8549252322649021, 0.9085579354233602, 0.9466673886629392, 0.9715126298389852, 0.9862336322230353, 0.9940671388090533, 0.9977572563603962, 0.9992701317947402, 0.9997996440432703, 0.9999546685032753, 0.9999917920454303, 0.9999988494417164, 0.9999998801907773, 0.9999999912443284, 0.9999999995915394, 0.9999999999898204, 0.9999999999999004, 1.0000000000000004, 1.0000000000000004, 1.0000000000000004, 1.0000000000000004, 1.0000000000000004, 1.0000000000000004, 1.0000000000000004, 1.0000000000000004, 1.0000000000000004, 1.0000000000000004, 1.0000000000000004, 1.0000000000000004, 1.0000000000000004, 1.0000000000000004, 1.0000000000000004, 1.0000000000000004, 1.0000000000000004, 1.0000000000000004, 1.0000000000000004, 1.0000000000000004, 1.0000000000000004, 1.0000000000000004, 1.0000000000000004, 1.0000000000000004, 1.0000000000000004, 1.0000000000000004, 1.0000000000000004, 1.0000000000000004, 1.0000000000000004, 1.0000000000000004, 1.0000000000000004, 1.0000000000000004, 1.0000000000000004, 1.0000000000000004, 1.0000000000000004, 1.0000000000000004, 1.0000000000000004, 1.0000000000000004, 1.0000000000000004, 1.0000000000000004, 1.0000000000000004, 1.0000000000000004, 1.0000000000000004, 1.0000000000000004, 1.0000000000000004, 1.0000000000000004, 1.0000000000000004, 1.0000000000000004, 1.0000000000000004, 1.0000000000000004, 1.0000000000000004, 1.0000000000000004, 1.0000000000000004, 1.0000000000000004, 1.0000000000000004, 1.0000000000000004, 1.0000000000000004, 1.0000000000000004, 1.0000000000000004, 1.0000000000000004, 1.0000000000000004, 1.0000000000000004, 1.0000000000000004, 1.0000000000000004, 1.0000000000000004, 1.0000000000000004, 1.0000000000000004, 1.0000000000000004, 1.0000000000000004, 1.0000000000000004, 1.0000000000000004, 1.0000000000000004, 1.0000000000000004, 1.0000000000000004, 1.0000000000000004, 1.0000000000000004, 1.0000000000000004, 1.0000000000000004, 1.0000000000000004, 1.0000000000000004, 1.0000000000000004, 1.0000000000000004, 1.0000000000000004, 1.0000000000000004, 1.0000000000000004, 1.0000000000000004, 1.0000000000000004, 1.0000000000000004, 1.0000000000000004, 1.0000000000000004, 1.0000000000000004, 1.0000000000000004, 1.0000000000000004, 1.0000000000000004, 1.0000000000000004, 1.0000000000000004, 1.0000000000000004, 1.0000000000000004, 1.0000000000000004, 1.0000000000000004, 1.0000000000000004, 1.0000000000000004, 1.0000000000000004, 1.0000000000000004, 1.0000000000000004, 1.0000000000000004, 1.0000000000000004]
50%: 98
90%: 103
99%: 107

start 1 / target 2: [0.0, 0.0, 0.0, 0.0, 0.0, 0.0, 0.0, 0.0, 0.0, 0.0, 0.0, 0.0, 0.0, 0.0, 0.0, 0.0, 0.0, 0.0, 0.0, 0.0, 0.0, 0.0, 0.0, 0.0, 0.0, 0.0, 0.0, 0.0, 0.0, 0.0, 0.0, 0.0, 0.0, 0.0, 0.0, 0.0, 0.0, 0.0, 0.0, 0.0, 0.0, 0.0, 0.0, 0.0, 0.0, 0.0, 0.0, 0.0, 0.0, 0.0, 0.0, 0.0, 0.0, 0.0, 0.0, 0.0, 0.0, 0.0, 0.0, 0.0, 0.0, 0.0, 0.0, 0.0, 0.0, 0.0, 0.0, 0.0, 0.0, 0.0, 0.0, 0.0, 0.0, 0.0, 0.0, 0.0, 0.0, 0.0, 0.0, 0.0, 0.0, 0.0, 0.0, 0.0, 0.0, 0.0, 0.0, 0.0, 0.0, 0.0, 0.0, 0.0, 0.0, 0.0, 0.0, 0.0, 0.0, 0.0, 0.0, 0.0, 0.0, 0.0, 0.0, 0.0, 0.0, 0.0, 0.0, 0.0, 0.0, 0.0, 0.0, 0.0, 0.0, 0.0, 0.0, 0.0, 0.0, 0.0, 0.0, 0.0, 0.0, 0.0, 0.0, 0.0, 0.0, 3.2490000000000004e-12, 7.210500000000002e-11, 8.135770000000001e-10, 6.2673149999999995e-9, 3.704895899999999e-8, 1.78849264e-7, 7.33507832e-7, 2.627836272e-6, 8.396308949e-6, 2.4315512281999996e-5, 6.463881349e-5, 0.000159321629151, 0.00036701655520400003, 0.0007952349863500001, 0.001629135768817, 0.0031690728971539997, 0.0058746255575969995, 0.010409287421315, 0.017675741262459, 0.028827595790684002, 0.04524110602142, 0.06843162603284, 0.099906063163307, 0.140954776133989, 0.192403211540543, 0.254361049198225, 0.326020309345335, 0.405557877968254, 0.490188445552168, 0.576389698244628, 0.660285319566668, 0.738130270657971, 0.806808439497575, 0.864236831705958, 0.90958410619364, 0.9432539321463531, 0.9666458371332531, 0.9817667980721602, 0.9908026261047752, 0.9957570091920233, 0.9982281089035102, 0.9993380720777332, 0.9997818285999912, 0.9999375731973872, 0.9999847853410122, 0.9999969119310302, 0.9999994919142733, 0.9999999344538553, 0.9999999936574253, 0.9999999995692623, 0.9999999999817724, 0.9999999999996404, 1.0000000000000004, 1.0000000000000004, 1.0000000000000004, 1.0000000000000004, 1.0000000000000004, 1.0000000000000004, 1.0000000000000004, 1.0000000000000004, 1.0000000000000004, 1.0000000000000004, 1.0000000000000004, 1.0000000000000004, 1.0000000000000004, 1.0000000000000004, 1.0000000000000004, 1.0000000000000004, 1.0000000000000004, 1.0000000000000004, 1.0000000000000004, 1.0000000000000004, 1.0000000000000004, 1.0000000000000004, 1.0000000000000004, 1.0000000000000004, 1.0000000000000004, 1.0000000000000004, 1.0000000000000004, 1.0000000000000004, 1.0000000000000004, 1.0000000000000004, 1.0000000000000004, 1.0000000000000004, 1.0000000000000004, 1.0000000000000004, 1.0000000000000004, 1.0000000000000004, 1.0000000000000004, 1.0000000000000004, 1.0000000000000004, 1.0000000000000004, 1.0000000000000004, 1.0000000000000004, 1.0000000000000004, 1.0000000000000004, 1.0000000000000004, 1.0000000000000004, 1.0000000000000004, 1.0000000000000004, 1.0000000000000004]
50%: 154
90%: 159
99%: 163

start 2 / target 0: [0.0, 0.0, 0.0, 0.0, 0.0, 0.0, 0.0, 0.0, 0.0, 0.0, 0.0, 0.0, 0.0, 0.0, 0.0, 0.0, 0.0, 0.0, 0.0, 0.0, 0.0, 0.0, 0.0, 0.0, 0.0, 0.0, 0.0, 0.0, 0.0, 0.0, 0.0, 0.0, 0.013091663856, 0.063520995044, 0.162301356152, 0.299868609317, 0.4524467351, 0.595974996428, 0.718867678138, 0.819543426981, 0.897374735535, 0.950375717533, 0.9802962787389999, 0.993888188373, 0.9986466712959999, 0.9998149383959999, 0.9999881084839999, 0.9999999006279999, 0.9999999999999999, 0.9999999999999999, 0.9999999999999999, 0.9999999999999999, 0.9999999999999999, 0.9999999999999999, 0.9999999999999999, 0.9999999999999999, 0.9999999999999999, 0.9999999999999999, 0.9999999999999999, 0.9999999999999999, 0.9999999999999999, 0.9999999999999999, 0.9999999999999999, 0.9999999999999999, 0.9999999999999999, 0.9999999999999999, 0.9999999999999999, 0.9999999999999999, 0.9999999999999999, 0.9999999999999999, 0.9999999999999999, 0.9999999999999999, 0.9999999999999999, 0.9999999999999999, 0.9999999999999999, 0.9999999999999999, 0.9999999999999999, 0.9999999999999999, 0.9999999999999999, 0.9999999999999999, 0.9999999999999999, 0.9999999999999999, 0.9999999999999999, 0.9999999999999999, 0.9999999999999999, 0.9999999999999999, 0.9999999999999999, 0.9999999999999999, 0.9999999999999999, 0.9999999999999999, 0.9999999999999999, 0.9999999999999999, 0.9999999999999999, 0.9999999999999999, 0.9999999999999999, 0.9999999999999999, 0.9999999999999999, 0.9999999999999999, 0.9999999999999999, 0.9999999999999999, 0.9999999999999999, 0.9999999999999999, 0.9999999999999999, 0.9999999999999999, 0.9999999999999999, 0.9999999999999999, 0.9999999999999999, 0.9999999999999999, 0.9999999999999999, 0.9999999999999999, 0.9999999999999999, 0.9999999999999999, 0.9999999999999999, 0.9999999999999999, 0.9999999999999999, 0.9999999999999999, 0.9999999999999999, 0.9999999999999999, 0.9999999999999999, 0.9999999999999999, 0.9999999999999999, 0.9999999999999999, 0.9999999999999999, 0.9999999999999999, 0.9999999999999999, 0.9999999999999999, 0.9999999999999999, 0.9999999999999999, 0.9999999999999999, 0.9999999999999999, 0.9999999999999999, 0.9999999999999999, 0.9999999999999999, 0.9999999999999999, 0.9999999999999999, 0.9999999999999999, 0.9999999999999999, 0.9999999999999999, 0.9999999999999999, 0.9999999999999999, 0.9999999999999999, 0.9999999999999999, 0.9999999999999999, 0.9999999999999999, 0.9999999999999999, 0.9999999999999999, 0.9999999999999999, 0.9999999999999999, 0.9999999999999999, 0.9999999999999999, 0.9999999999999999, 0.9999999999999999, 0.9999999999999999, 0.9999999999999999, 0.9999999999999999, 0.9999999999999999, 0.9999999999999999, 0.9999999999999999, 0.9999999999999999, 0.9999999999999999, 0.9999999999999999, 0.9999999999999999, 0.9999999999999999, 0.9999999999999999, 0.9999999999999999, 0.9999999999999999, 0.9999999999999999, 0.9999999999999999, 0.9999999999999999, 0.9999999999999999, 0.9999999999999999, 0.9999999999999999, 0.9999999999999999, 0.9999999999999999, 0.9999999999999999, 0.9999999999999999, 0.9999999999999999, 0.9999999999999999, 0.9999999999999999, 0.9999999999999999, 0.9999999999999999]
50%: 37
90%: 41
99%: 43

start 2 / target 1: [0.0, 0.0, 0.0, 0.0, 0.0, 0.0, 0.0, 0.0, 0.0, 0.0, 0.0, 0.0, 0.0, 0.0, 0.0, 0.0, 0.0, 0.0, 0.0, 0.0, 0.0, 0.0, 0.0, 0.0, 0.0, 0.0, 0.0, 0.0, 0.0, 0.0, 0.0, 0.0, 0.0, 0.0, 0.0, 0.0, 0.0, 0.0, 0.0, 0.0, 0.0, 0.0, 0.0, 0.0, 0.0, 0.0, 0.0, 0.0, 0.0, 0.0, 0.0, 0.0, 0.0, 0.0, 0.0, 0.0, 0.0, 0.0, 0.0, 0.0, 0.0, 0.0, 0.0, 0.0, 0.0, 1.0721700000000003e-6, 1.4583564000000004e-5, 9.566318700000002e-5, 0.00041860197099999997, 0.00140315726, 0.003879264128, 0.009247590719, 0.019571519919, 0.03752639459, 0.066146661011, 0.10834521898, 0.16624553296300001, 0.24047024726, 0.329581129524, 0.42987458666199996, 0.535678739557, 0.640148627071, 0.7364408707429999, 0.818986266495, 0.8844678987829999, 0.9322184359949999, 0.9639366146099999, 0.982885448268, 0.9928982225299999, 0.9974815748389999, 0.9992548098039999, 0.9998205850099999, 0.999966068337, 0.999995148459, 0.9999995011839999, 0.9999999657749999, 0.999999998652, 0.99999999998, 1.0, 1.0, 1.0, 1.0, 1.0, 1.0, 1.0, 1.0, 1.0, 1.0, 1.0, 1.0, 1.0, 1.0, 1.0, 1.0, 1.0, 1.0, 1.0, 1.0, 1.0, 1.0, 1.0, 1.0, 1.0, 1.0, 1.0, 1.0, 1.0, 1.0, 1.0, 1.0, 1.0, 1.0, 1.0, 1.0, 1.0, 1.0, 1.0, 1.0, 1.0, 1.0, 1.0, 1.0, 1.0, 1.0, 1.0, 1.0, 1.0, 1.0, 1.0, 1.0, 1.0, 1.0, 1.0, 1.0, 1.0, 1.0, 1.0, 1.0, 1.0, 1.0, 1.0, 1.0, 1.0, 1.0, 1.0, 1.0, 1.0, 1.0, 1.0, 1.0, 1.0, 1.0, 1.0, 1.0, 1.0, 1.0, 1.0, 1.0, 1.0, 1.0, 1.0]
50%: 80
90%: 85
99%: 88

start 2 / target 2: [0.0, 0.0, 0.0, 0.0, 0.0, 0.0, 0.0, 0.0, 0.0, 0.0, 0.0, 0.0, 0.0, 0.0, 0.0, 0.0, 0.0, 0.0, 0.0, 0.0, 0.0, 0.0, 0.0, 0.0, 0.0, 0.0, 0.0, 0.0, 0.0, 0.0, 0.0, 0.0, 0.0, 0.0, 0.0, 0.0, 0.0, 0.0, 0.0, 0.0, 0.0, 0.0, 0.0, 0.0, 0.0, 0.0, 0.0, 0.0, 0.0, 0.0, 0.0, 0.0, 0.0, 0.0, 0.0, 0.0, 0.0, 0.0, 0.0, 0.0, 0.0, 0.0, 0.0, 0.0, 0.0, 0.0, 0.0, 0.0, 0.0, 0.0, 0.0, 0.0, 0.0, 0.0, 0.0, 0.0, 0.0, 0.0, 0.0, 0.0, 0.0, 0.0, 0.0, 0.0, 0.0, 0.0, 0.0, 0.0, 0.0, 0.0, 0.0, 0.0, 0.0, 0.0, 0.0, 0.0, 0.0, 0.0, 0.0, 0.0, 1.71e-10, 3.066e-9, 2.8615000000000002e-8, 1.85655e-7, 9.330720000000001e-7, 3.85328e-6, 1.3595235e-5, 4.2133091e-5, 0.000117161444, 0.000297139676, 0.000695842519, 0.001518722652, 0.0031112116349999996, 0.006015945415, 0.011030686294, 0.019252927397, 0.032091069121, 0.051218122261999996, 0.078446653652, 0.11551505917400001, 0.16379454361100002, 0.223956051137, 0.29565765262300003, 0.37733094840900006, 0.46613979141200007, 0.5581615347930001, 0.6488033380680002, 0.7334072692800002, 0.8079372610440002, 0.8695986094100002, 0.9172243433110002, 0.9513214075130002, 0.9737578443130002, 0.9871903395510002, 0.9944203827120002, 0.9978687974130002, 0.9993012075640002, 0.9998083715320002, 0.9999574362150002, 0.9999926333200002, 0.9999990527650002, 0.9999999153740002, 0.9999999953240002, 0.9999999998800002, 1.0000000000000002, 1.0000000000000002, 1.0000000000000002, 1.0000000000000002, 1.0000000000000002, 1.0000000000000002, 1.0000000000000002, 1.0000000000000002, 1.0000000000000002, 1.0000000000000002, 1.0000000000000002, 1.0000000000000002, 1.0000000000000002, 1.0000000000000002, 1.0000000000000002, 1.0000000000000002, 1.0000000000000002, 1.0000000000000002, 1.0000000000000002, 1.0000000000000002, 1.0000000000000002, 1.0000000000000002, 1.0000000000000002, 1.0000000000000002, 1.0000000000000002, 1.0000000000000002, 1.0000000000000002, 1.0000000000000002, 1.0000000000000002, 1.0000000000000002, 1.0000000000000002, 1.0000000000000002, 1.0000000000000002, 1.0000000000000002, 1.0000000000000002, 1.0000000000000002, 1.0000000000000002]
50%: 125
90%: 130
99%: 134

start 3 / target 0: [0.0, 0.0, 0.0, 0.0, 0.0, 0.0, 0.0, 0.0, 0.0, 0.0, 0.0, 0.0, 0.0, 0.0, 0.0, 0.0, 0.0, 0.0, 0.0, 0.0, 0.0, 0.0, 0.0, 0.028836264000000004, 0.11101430600000001, 0.240453187, 0.39726895900000003, 0.550238147, 0.681641331, 0.789976214, 0.8768169349999999, 0.939504834, 0.9760147069999999, 0.9927635399999999, 0.9985978839999999, 0.999874784, 0.9999989079999999, 0.9999999999999999, 0.9999999999999999, 0.9999999999999999, 0.9999999999999999, 0.9999999999999999, 0.9999999999999999, 0.9999999999999999, 0.9999999999999999, 0.9999999999999999, 0.9999999999999999, 0.9999999999999999, 0.9999999999999999, 0.9999999999999999, 0.9999999999999999, 0.9999999999999999, 0.9999999999999999, 0.9999999999999999, 0.9999999999999999, 0.9999999999999999, 0.9999999999999999, 0.9999999999999999, 0.9999999999999999, 0.9999999999999999, 0.9999999999999999, 0.9999999999999999, 0.9999999999999999, 0.9999999999999999, 0.9999999999999999, 0.9999999999999999, 0.9999999999999999, 0.9999999999999999, 0.9999999999999999, 0.9999999999999999, 0.9999999999999999, 0.9999999999999999, 0.9999999999999999, 0.9999999999999999, 0.9999999999999999, 0.9999999999999999, 0.9999999999999999, 0.9999999999999999, 0.9999999999999999, 0.9999999999999999, 0.9999999999999999, 0.9999999999999999, 0.9999999999999999, 0.9999999999999999, 0.9999999999999999, 0.9999999999999999, 0.9999999999999999, 0.9999999999999999, 0.9999999999999999, 0.9999999999999999, 0.9999999999999999, 0.9999999999999999, 0.9999999999999999, 0.9999999999999999, 0.9999999999999999, 0.9999999999999999, 0.9999999999999999, 0.9999999999999999, 0.9999999999999999, 0.9999999999999999, 0.9999999999999999, 0.9999999999999999, 0.9999999999999999, 0.9999999999999999, 0.9999999999999999, 0.9999999999999999, 0.9999999999999999, 0.9999999999999999, 0.9999999999999999, 0.9999999999999999, 0.9999999999999999, 0.9999999999999999, 0.9999999999999999, 0.9999999999999999, 0.9999999999999999, 0.9999999999999999, 0.9999999999999999, 0.9999999999999999, 0.9999999999999999, 0.9999999999999999, 0.9999999999999999, 0.9999999999999999, 0.9999999999999999, 0.9999999999999999, 0.9999999999999999, 0.9999999999999999, 0.9999999999999999, 0.9999999999999999, 0.9999999999999999, 0.9999999999999999, 0.9999999999999999, 0.9999999999999999, 0.9999999999999999, 0.9999999999999999, 0.9999999999999999, 0.9999999999999999]
50%: 27
90%: 31
99%: 33

start 3 / target 1: [0.0, 0.0, 0.0, 0.0, 0.0, 0.0, 0.0, 0.0, 0.0, 0.0, 0.0, 0.0, 0.0, 0.0, 0.0, 0.0, 0.0, 0.0, 0.0, 0.0, 0.0, 0.0, 0.0, 0.0, 0.0, 0.0, 0.0, 0.0, 0.0, 0.0, 0.0, 0.0, 0.0, 0.0, 0.0, 0.0, 0.0, 0.0, 0.0, 0.0, 0.0, 0.0, 0.0, 0.0, 0.0, 0.0, 0.0, 0.0, 1.881e-5, 0.000215592, 0.001168019, 0.004222101, 0.01177382, 0.02727345, 0.054841812000000004, 0.098568347, 0.161588735, 0.24510971800000003, 0.34735186300000004, 0.46296979600000004, 0.583568922, 0.699133287, 0.800298906, 0.8804802629999999, 0.9370342009999999, 0.9716879529999999, 0.9895458799999999, 0.9969476259999999, 0.9993181899999999, 0.9998938759999999, 0.9999894119999999, 0.9999994309999999, 0.9999999899999998, 0.9999999999999999, 0.9999999999999999, 0.9999999999999999, 0.9999999999999999, 0.9999999999999999, 0.9999999999999999, 0.9999999999999999, 0.9999999999999999, 0.9999999999999999, 0.9999999999999999, 0.9999999999999999, 0.9999999999999999, 0.9999999999999999, 0.9999999999999999, 0.9999999999999999, 0.9999999999999999, 0.9999999999999999, 0.9999999999999999, 0.9999999999999999, 0.9999999999999999, 0.9999999999999999, 0.9999999999999999, 0.9999999999999999, 0.9999999999999999, 0.9999999999999999, 0.9999999999999999, 0.9999999999999999, 0.9999999999999999, 0.9999999999999999, 0.9999999999999999, 0.9999999999999999, 0.9999999999999999, 0.9999999999999999, 0.9999999999999999, 0.9999999999999999, 0.9999999999999999, 0.9999999999999999, 0.9999999999999999, 0.9999999999999999, 0.9999999999999999, 0.9999999999999999, 0.9999999999999999, 0.9999999999999999, 0.9999999999999999, 0.9999999999999999, 0.9999999999999999, 0.9999999999999999, 0.9999999999999999, 0.9999999999999999, 0.9999999999999999, 0.9999999999999999, 0.9999999999999999, 0.9999999999999999, 0.9999999999999999, 0.9999999999999999, 0.9999999999999999, 0.9999999999999999, 0.9999999999999999, 0.9999999999999999, 0.9999999999999999, 0.9999999999999999, 0.9999999999999999, 0.9999999999999999]
50%: 60
90%: 64
99%: 67

start 3 / target 2: [0.0, 0.0, 0.0, 0.0, 0.0, 0.0, 0.0, 0.0, 0.0, 0.0, 0.0, 0.0, 0.0, 0.0, 0.0, 0.0, 0.0, 0.0, 0.0, 0.0, 0.0, 0.0, 0.0, 0.0, 0.0, 0.0, 0.0, 0.0, 0.0, 0.0, 0.0, 0.0, 0.0, 0.0, 0.0, 0.0, 0.0, 0.0, 0.0, 0.0, 0.0, 0.0, 0.0, 0.0, 0.0, 0.0, 0.0, 0.0, 0.0, 0.0, 0.0, 0.0, 0.0, 0.0, 0.0, 0.0, 0.0, 0.0, 0.0, 0.0, 0.0, 0.0, 0.0, 0.0, 0.0, 0.0, 0.0, 0.0, 0.0, 0.0, 0.0, 0.0, 0.0, 0.0, 0.0, 5.700000000000001e-8, 8.320000000000001e-7, 6.119e-6, 3.1014e-5, 0.00012163599999999999, 0.000392972, 0.001095031, 0.002713725, 0.006104470000000001, 0.012628752, 0.024227309000000002, 0.043402734000000005, 0.073015615, 0.11590051800000001, 0.174293791, 0.249137371, 0.339436266, 0.441820985, 0.550538234, 0.658178818, 0.756928234, 0.840257563, 0.904324606, 0.94864163, 0.975811915, 0.990261999, 0.996763834, 0.999151836, 0.999835551, 0.999978351, 0.999998292, 0.99999994, 1.0, 1.0, 1.0, 1.0, 1.0, 1.0, 1.0, 1.0, 1.0, 1.0, 1.0, 1.0, 1.0, 1.0, 1.0, 1.0, 1.0, 1.0, 1.0, 1.0, 1.0, 1.0, 1.0, 1.0, 1.0, 1.0, 1.0, 1.0, 1.0]
50%: 93
90%: 97
99%: 100

start 4 / target 0: [0.0, 0.0, 0.0, 0.0, 0.0, 0.0, 0.0, 0.0, 0.0, 0.0, 0.0, 0.0, 0.0, 0.0, 0.0, 0.0, 0.0, 0.12167200000000002, 0.365738, 0.627383, 0.8614090000000001, 0.9799800000000001, 0.9998180000000001, 1.0, 1.0, 1.0, 1.0, 1.0, 1.0, 1.0, 1.0, 1.0, 1.0, 1.0, 1.0, 1.0, 1.0, 1.0, 1.0, 1.0, 1.0, 1.0, 1.0, 1.0, 1.0, 1.0, 1.0, 1.0, 1.0, 1.0, 1.0, 1.0, 1.0, 1.0, 1.0, 1.0, 1.0, 1.0, 1.0, 1.0, 1.0, 1.0, 1.0, 1.0, 1.0, 1.0, 1.0, 1.0, 1.0, 1.0, 1.0, 1.0, 1.0, 1.0, 1.0, 1.0, 1.0, 1.0, 1.0, 1.0, 1.0, 1.0, 1.0, 1.0, 1.0, 1.0, 1.0, 1.0, 1.0, 1.0, 1.0]
50%: 19
90%: 21
99%: 22

start 4 / target 1: [0.0, 0.0, 0.0, 0.0, 0.0, 0.0, 0.0, 0.0, 0.0, 0.0, 0.0, 0.0, 0.0, 0.0, 0.0, 0.0, 0.0, 0.0, 0.0, 0.0, 0.0, 0.0, 0.0, 0.0, 0.0, 0.0, 0.0, 0.0, 0.0, 0.0, 0.0, 0.0, 0.0, 0.003762, 0.023556, 0.074245, 0.166553, 0.301983, 0.465572, 0.636341, 0.7904, 0.903438, 0.968788, 0.994831, 0.999541, 0.99999, 1.0, 1.0, 1.0, 1.0, 1.0, 1.0, 1.0, 1.0, 1.0, 1.0, 1.0, 1.0, 1.0, 1.0, 1.0, 1.0, 1.0, 1.0, 1.0, 1.0, 1.0, 1.0, 1.0, 1.0, 1.0, 1.0, 1.0, 1.0, 1.0, 1.0, 1.0, 1.0, 1.0, 1.0, 1.0, 1.0, 1.0, 1.0, 1.0, 1.0, 1.0, 1.0, 1.0, 1.0, 1.0]
50%: 39
90%: 41
99%: 43

start 4 / target 2: [0.0, 0.0, 0.0, 0.0, 0.0, 0.0, 0.0, 0.0, 0.0, 0.0, 0.0, 0.0, 0.0, 0.0, 0.0, 0.0, 0.0, 0.0, 0.0, 0.0, 0.0, 0.0, 0.0, 0.0, 0.0, 0.0, 0.0, 0.0, 0.0, 0.0, 0.0, 0.0, 0.0, 0.0, 0.0, 0.0, 0.0, 0.0, 0.0, 0.0, 0.0, 0.0, 0.0, 0.0, 0.0, 0.0, 0.0, 0.0, 0.0, 0.0, 5.7e-5, 0.00049, 0.002324, 0.00801, 0.020881, 0.045451000000000005, 0.085947, 0.146559, 0.23025099999999998, 0.33764299999999997, 0.464825, 0.6028720000000001, 0.7355830000000001, 0.8476410000000001, 0.9264770000000001, 0.9721870000000001, 0.9923140000000001, 0.9986330000000001, 0.9998610000000001, 0.9999940000000002, 1.0000000000000002, 1.0000000000000002, 1.0000000000000002, 1.0000000000000002, 1.0000000000000002, 1.0000000000000002, 1.0000000000000002, 1.0000000000000002, 1.0000000000000002, 1.0000000000000002, 1.0000000000000002, 1.0000000000000002, 1.0000000000000002, 1.0000000000000002, 1.0000000000000002, 1.0000000000000002, 1.0000000000000002, 1.0000000000000002, 1.0000000000000002, 1.0000000000000002, 1.0000000000000002]
50%: 61
90%: 64
99%: 66

start 5 / target 0: [0.0, 0.0, 0.0, 0.0, 0.0, 0.0, 0.0, 0.0, 0.0, 0.454, 0.909, 1.0, 1.0, 1.0, 1.0, 1.0, 1.0, 1.0, 1.0, 1.0, 1.0, 1.0, 1.0, 1.0, 1.0, 1.0, 1.0, 1.0, 1.0, 1.0, 1.0, 1.0, 1.0, 1.0, 1.0, 1.0, 1.0, 1.0, 1.0, 1.0, 1.0, 1.0, 1.0, 1.0, 1.0, 1.0]
50%: 10
90%: 10
99%: 11

start 5 / target 1: [0.0, 0.0, 0.0, 0.0, 0.0, 0.0, 0.0, 0.0, 0.0, 0.0, 0.0, 0.0, 0.0, 0.0, 0.0, 0.0, 0.0, 0.057, 0.179, 0.32699999999999996, 0.5149999999999999, 0.704, 0.867, 0.977, 0.998, 1.0, 1.0, 1.0, 1.0, 1.0, 1.0, 1.0, 1.0, 1.0, 1.0, 1.0, 1.0, 1.0, 1.0, 1.0, 1.0, 1.0, 1.0, 1.0, 1.0, 1.0]
50%: 20
90%: 23
99%: 24

start 5 / target 2: [0.0, 0.0, 0.0, 0.0, 0.0, 0.0, 0.0, 0.0, 0.0, 0.0, 0.0, 0.0, 0.0, 0.0, 0.0, 0.0, 0.0, 0.0, 0.0, 0.0, 0.0, 0.0, 0.0, 0.0, 0.0, 0.003, 0.013000000000000001, 0.047, 0.10200000000000001, 0.176, 0.271, 0.397, 0.562, 0.748, 0.886, 0.977, 0.998, 1.0, 1.0, 1.0, 1.0, 1.0, 1.0, 1.0, 1.0, 1.0]
50%: 32
90%: 35
99%: 36

